QUANTIZE op_00 -128
CONV_2D op_01 224 224 3 112 112 32 3 2 0 0 0 -1 -128 -128 127
DEPTHWISE_CONV_2D op_02 112 112 32 112 112 32 3 1 1 1 1 -128 -128 -128 127
CONV_2D op_03 112 112 32 112 112 64 1 1 0 0 0 -128 -128 -128 127
PAD op_04 112 112 64 0 1 0 1 -128
DEPTHWISE_CONV_2D op_05 113 113 64 56 56 64 3 2 0 0 1 -128 -128 -128 127
CONV_2D op_06 56 56 64 56 56 128 1 1 0 0 0 -128 -128 -128 127
DEPTHWISE_CONV_2D op_07 56 56 128 56 56 128 3 1 1 1 1 -128 -128 -128 127
CONV_2D op_08 56 56 128 56 56 128 1 1 0 0 0 -128 -128 -128 127
PAD op_09 56 56 128 0 1 0 1 -128
DEPTHWISE_CONV_2D op_10 57 57 128 28 28 128 3 2 0 0 1 -128 -128 -128 127
CONV_2D op_11 28 28 128 28 28 256 1 1 0 0 0 -128 -128 -128 127
DEPTHWISE_CONV_2D op_12 28 28 256 28 28 256 3 1 1 1 1 -128 -128 -128 127
CONV_2D op_13 28 28 256 28 28 256 1 1 0 0 0 -128 -128 -128 127
PAD op_14 28 28 256 0 1 0 1 -128
DEPTHWISE_CONV_2D op_15 29 29 256 14 14 256 3 2 0 0 1 -128 -128 -128 127
CONV_2D op_16 14 14 256 14 14 512 1 1 0 0 0 -128 -128 -128 127
DEPTHWISE_CONV_2D op_17 14 14 512 14 14 512 3 1 1 1 1 -128 -128 -128 127
CONV_2D op_18 14 14 512 14 14 512 1 1 0 0 0 -128 -128 -128 127
DEPTHWISE_CONV_2D op_19 14 14 512 14 14 512 3 1 1 1 1 -128 -128 -128 127
CONV_2D op_20 14 14 512 14 14 512 1 1 0 0 0 -128 -128 -128 127
DEPTHWISE_CONV_2D op_21 14 14 512 14 14 512 3 1 1 1 1 -128 -128 -128 127
CONV_2D op_22 14 14 512 14 14 512 1 1 0 0 0 -128 -128 -128 127
DEPTHWISE_CONV_2D op_23 14 14 512 14 14 512 3 1 1 1 1 -128 -128 -128 127
CONV_2D op_24 14 14 512 14 14 512 1 1 0 0 0 -128 -128 -128 127
DEPTHWISE_CONV_2D op_25 14 14 512 14 14 512 3 1 1 1 1 -128 -128 -128 127
CONV_2D op_26 14 14 512 14 14 512 1 1 0 0 0 -128 -128 -128 127
PAD op_27 14 14 512 0 1 0 1 -128
DEPTHWISE_CONV_2D op_28 15 15 512 7 7 512 3 2 0 0 1 -128 -128 -128 127
CONV_2D op_29 7 7 512 7 7 1024 1 1 0 0 0 -128 -128 -128 127
DEPTHWISE_CONV_2D op_30 7 7 1024 7 7 1024 3 1 1 1 1 -128 -128 -128 127
CONV_2D op_31 7 7 1024 7 7 1024 1 1 0 0 0 -128 -128 -128 127
MEAN op_32 1024 49 -128 -128 727646190 4
CONV_2D op_33 1 1 1024 1 1 2 1 1 0 0 0 -128 5 -128 127
RESHAPE op_34
SOFTMAX op_35
QUANTIZE op_36 128
